# Table: trace
# Stability threshold: 100
# Iteration threshold: 1
#
# Columns: Iteration Stability Subkey0 ... Subkey7
   1   0  0  0  0  0  0  0  0  0
   2   0  8 45  4  9 26 27 14 41
   3   0 38 36 11 31 48  8 62  9
   4   0 13 15 11 31  2 39 62 11
   5   0 54 15 61 31  2  8 62 36
   6   0 54 36 17 12  2  8 62 36
   7   1 54 36 17 12  2  8 62 36
   8   0 44 36 17 58 48 48 18 36
   9   0 38 36  6 58 48 48 18 36
  10   0 61 36  6 58 10 48  4 36
  11   0 44 36  6 58 10 48  4 17
  12   0 17 16 43 58 10 25 18 36
  13   0 17 36 45 58 10 25 41 36
  14   0 45 36 45 39 10 25 41 17
  15   0 45 36 43 39 10  8 46 38
  16   0 45 36 45 39 10  8 46 38
  17   0 45 36 43 39 10 39 46 38
  18   0 45 36 45 39 10  1 46 38
  19   0 17 36 43 39  2  1 46 38
  20   0 17 36 17 39 10  1 46 17
  21   0 45 36 43 39 10  1 46 17
  22   0 17 36 43 58  8 56 46  5
  23   1 17 36 43 58  8 56 46  5
  24   0 17 36 41 58  8  1  4 19
  25   0 17 36 45 58 48  1  4 19
  26   1 17 36 45 58 48  1  4 19
  27   2 17 36 45 58 48  1  4 19
  28   0 17 36 45 58 48 61 55 19
  29   0 17 36 45 58 48 61 46 19
  30   0 17 36 45 58  8 15 46  5
  31   0 17 36 45 58  8 15 46 19
  32   0 45 36 45 58 48  1 55 61
  33   0 17 35 45 58 48  1 32 61
  34   0 45 36 45 58 48  1 32 61
  35   0  6 36 45 58 48  1 32 61
  36   0 17 30 45 58 45 16 55 61
  37   0 17 39 45 58 45  1 32 61
  38   0 17 39 45 58 45 61 32 61
  39   0 17 50 45 58 45  1 41 61
  40   0 17 50 45 58 45  1 41  5
  41   1 17 50 45 58 45  1 41  5
