# Table: trace
# Stability threshold: 100
# Iteration threshold: 1
#
# Columns: Iteration Stability Subkey0 ... Subkey7
   1   0  0  0  0  0  0  0  0  0
   2   0  0 11  0  2  1  0  3  4
   3   0 56  6 10 24 22 43 27  5
   4   0  6 34 53 38 48 20 14 26
   5   0 23 45  9 38 48 38 21 15
   6   0 24 55 20 46  7 11 28 35
   7   0  3 55 20 46  7 11 59 35
   8   0  3 31 20  8 48 11 49 58
   9   0  3 31 20 48  7 24 49 58
  10   0  3 31 20 48 48 24  0 18
  11   0 38 31 20 48 48 11  0 58
  12   0 38  6 38 48 48 11  0 58
  13   0 38  6 38 48  7 11 42 41
  14   0 21  6 54  8 48 24 17 58
  15   0 15  6 11  8 48 24 50 58
  16   0 58 31 35  8 48 24 56 41
  17   0 15 31 35  8 48 24 50 41
  18   0 15  6 35  8 48 14 50 41
  19   0 15  6 12  8 48 63 28 41
  20   0 15  6 39 48 48 63 50 41
  21   0 15 42 39 48 48 63 24 41
  22   0 15 42 35 48 48 63 24 41
  23   1 15 42 35 48 48 63 24 41
  24   0 15  6 35 48 48 63 24 41
  25   0 15  6 39 48 48 63 42 41
  26   0 15 42 39 48 48 63 15 41
  27   0 15 42 35 48 48 63 15 41
  28   0 11 42 39 48 46 63 26 41
  29   0  5 42 35 48 46 63 26 41
  30   0 11 42 39 48 46 63 26 41
  31   0 11 42 39 48 48  0 26 41
  32   0 11 42 35 48 53  0 26 41
  33   0 42 42 39  8 53  0 42 41
  34   1 42 42 39  8 53  0 42 41
  35   0  5 17 39 48 53 59 58 41
  36   0  5 17 39 48 37 59 58 41
  37   0  5 17 39 48 26 59 58 41
  38   0 11 37 39 48 26 59 58 41
  39   0 11  6 39 48 26 59 58 41
  40   0 11 17 39 48 37 59 58 41
  41   0 41 17 49 48 46  0 63 41
  42   0 11 17 49 48 46  0 58 41
  43   0 41 17 43 48 53  6 58 41
  44   0 41 17 49 48 26  6 58 41
  45   0 41 17 49 48 48  6 58 41
  46   0 41 17 49 48 46  0 58 41
  47   1 41 17 49 48 46  0 58 41
  48   0 41  1 43 48 26  0 58 41
  49   0 51  1 43 48 26  0 58 41
  50   0 51  1 49 48 46  0 56 41
  51   0 51  1 49 48 48  0 56 41
  52   0 51  1 49 48 46 53 56 41
  53   0 51  1 49 48 46 53 58 41
  54   1 51  1 49 48 46 53 58 41
  55   2 51  1 49 48 46 53 58 41
  56   3 51  1 49 48 46 53 58 41
  57   0 47  1 13 48 48 63 56 41
  58   0 51  1 19 48 46 53 56 41
  59   0 41  1 19 48 48 53 56 41
  60   0 41  1 19 48 26 53 56 41
  61   0  1  1 19 48 46 53 53 41
  62   0  1  1 43 48 48 53 58 41
  63   0  1 42 19 48 48 53 53 41
  64   0  1  1 19 48 48 53 53 41
  65   0 10  1 19 48 56 53 56 41
  66   1 10  1 19 48 56 53 56 41
  67   2 10  1 19 48 56 53 56 41
  68   0 10 37 19 48 48 53 56 41
  69   0  1 37 19 48 48 53 56 41
  70   0  1 37 19 48 48 53 56 21
  71   0  1 37 39 48 56 53 56 41
  72   1  1 37 39 48 56 53 56 41
  73   0  1 42 39 48 40 53 56 21
  74   0  1 42 19 48 40 63 56 41
  75   0  1 37 19 48 40 63 56 41
  76   0  1 42 19 48 46 59 56 41
  77   0 58 42 19 48 13 59 56 21
  78   1 58 42 19 48 13 59 56 21
  79   2 58 42 19 48 13 59 56 21
  80   3 58 42 19 48 13 59 56 21
  81   0 58 42 48 48 13 59 56 21
  82   1 58 42 48 48 13 59 56 21
  83   2 58 42 48 48 13 59 56 21
  84   3 58 42 48 48 13 59 56 21
  85   4 58 42 48 48 13 59 56 21
  86   0 58 37 48 48 13 13 56 21
  87   0 58 37 48 48 13 59 56 21
  88   1 58 37 48 48 13 59 56 21
  89   0 32 37 48 48 48 59 56 21
  90   1 32 37 48 48 48 59 56 21
  91   2 32 37 48 48 48 59 56 21
  92   0 32 37 48 48 47 59 56 21
  93   1 32 37 48 48 47 59 56 21
  94   2 32 37 48 48 47 59 56 21
  95   3 32 37 48 48 47 59 56 21
  96   4 32 37 48 48 47 59 56 21
  97   5 32 37 48 48 47 59 56 21
  98   6 32 37 48 48 47 59 56 21
  99   7 32 37 48 48 47 59 56 21
 100   8 32 37 48 48 47 59 56 21
 101   9 32 37 48 48 47 59 56 21
 102  10 32 37 48 48 47 59 56 21
 103  11 32 37 48 48 47 59 56 21
 104  12 32 37 48 48 47 59 56 21
 105   0 32 37 48 48 48 59 56 21
 106   0 32 58 48 48 47 59 56 21
 107   0 32 58 48 48 48 59 56 21
 108   0 32 37 48 48 47 59 56 21
 109   1 32 37 48 48 47 59 56 21
 110   0 58 37 48 48 48 55 56 21
 111   0 58 37 48 48 48 59 56 21
 112   1 58 37 48 48 48 59 56 21
 113   2 58 37 48 48 48 59 56 21
 114   0 58 37 48 48 48 59 53 21
 115   1 58 37 48 48 48 59 53 21
 116   0 32 37 48 48 48 59 57 21
 117   0 32 37 48 48 48 59 53 21
 118   0 58 37 48 48 48 59 57 21
 119   1 58 37 48 48 48 59 57 21
 120   2 58 37 48 48 48 59 57 21
 121   3 58 37 48 48 48 59 57 21
 122   4 58 37 48 48 48 59 57 21
 123   5 58 37 48 48 48 59 57 21
 124   6 58 37 48 48 48 59 57 21
 125   0 58 37 48 48 48 55 57 21
 126   0 58 37 48 25 48 55 57 21
 127   0 58 37 48 48 48 55 57 21
 128   0 58 46 48 48 48 59 57 21
 129   0 58 46 48 48 48 55 57 21
 130   1 58 46 48 48 48 55 57 21
 131   2 58 46 48 48 48 55 57 21
 132   3 58 46 48 48 48 55 57 21
 133   4 58 46 48 48 48 55 57 21
 134   5 58 46 48 48 48 55 57 21
 135   6 58 46 48 48 48 55 57 21
 136   0 58 46 48 48 48 59 57 21
 137   1 58 46 48 48 48 59 57 21
 138   0 58 46 48 48 48 55 57 21
 139   1 58 46 48 48 48 55 57 21
 140   0 58 46 48 48 48 59 57 21
 141   1 58 46 48 48 48 59 57 21
 142   2 58 46 48 48 48 59 57 21
 143   3 58 46 48 48 48 59 57 21
 144   0 23 46 48 48 48 59 57 21
 145   1 23 46 48 48 48 59 57 21
 146   0 23 46 48 48 45 59 57 21
 147   0 23  1 48 48 48 55 57 21
 148   0 51  1 48 45 48 55 57 21
 149   1 51  1 48 45 48 55 57 21
 150   0 51  1 48 48 48 55 57 21
 151   0 51  1 48 48  1 55 57 21
 152   1 51  1 48 48  1 55 57 21
 153   2 51  1 48 48  1 55 57 21
 154   3 51  1 48 48  1 55 57 21
 155   4 51  1 48 48  1 55 57 21
 156   5 51  1 48 48  1 55 57 21
 157   0 51  1 48 25  1 55 57 21
 158   0 51 58 48 25 48 55 53 21
 159   0 51 58 48 25  1 55 53 21
 160   0 51 58 48 25  5 55 53 21
 161   0 51  1 48 25 48 55 53 21
 162   1 51  1 48 25 48 55 53 21
 163   0 51  1 48 25  5 55 53 21
 164   0 51  1 48 25 45 55 53 21
 165   1 51  1 48 25 45 55 53 21
 166   0 51  1 48 25  1 55 53 21
 167   0 51  1 48 48  0 55 53 21
 168   1 51  1 48 48  0 55 53 21
 169   2 51  1 48 48  0 55 53 21
 170   0 51 58 48 48  0 55 53 21
 171   0 51 58 48 45  0 55 53 21
 172   0 51 58 48 45 16 55 53 21
 173   0 51 58 48 25 16 55 53 21
 174   1 51 58 48 25 16 55 53 21
 175   2 51 58 48 25 16 55 53 21
 176   3 51 58 48 25 16 55 53 21
 177   4 51 58 48 25 16 55 53 21
 178   5 51 58 48 25 16 55 53 21
 179   6 51 58 48 25 16 55 53 21
 180   0 55 58 48 25 16 55 53 21
 181   1 55 58 48 25 16 55 53 21
 182   0 51 58 48 25 16 55 53 21
 183   0 55 58 48 25 16 55 53 21
 184   1 55 58 48 25 16 55 53 21
 185   2 55 58 48 25 16 55 53 21
 186   3 55 58 48 25 16 55 53 21
 187   0 55 58 48 45 48 55 53 21
 188   1 55 58 48 45 48 55 53 21
 189   2 55 58 48 45 48 55 53 21
 190   3 55 58 48 45 48 55 53 21
 191   4 55 58 48 45 48 55 53 21
 192   5 55 58 48 45 48 55 53 21
 193   6 55 58 48 45 48 55 53 21
 194   7 55 58 48 45 48 55 53 21
 195   8 55 58 48 45 48 55 53 21
 196   9 55 58 48 45 48 55 53 21
 197  10 55 58 48 45 48 55 53 21
 198  11 55 58 48 45 48 55 53 21
 199   0 55 58 48 45  1 55 53 21
 200   1 55 58 48 45  1 55 53 21
 201   2 55 58 48 45  1 55 53 21
 202   0 55 58 48 48 52 55 53 21
 203   1 55 58 48 48 52 55 53 21
 204   2 55 58 48 48 52 55 53 21
 205   3 55 58 48 48 52 55 53 21
 206   4 55 58 48 48 52 55 53 21
 207   0 55 58 48 48  1 55 53 21
 208   1 55 58 48 48  1 55 53 21
 209   0 55 58 48 48 52 55 53 21
 210   1 55 58 48 48 52 55 53 21
 211   0 55 58 48 48  1 55 53 21
 212   1 55 58 48 48  1 55 53 21
 213   2 55 58 48 48  1 55 53 21
 214   0 55 58 48 45  1 55 53 21
 215   1 55 58 48 45  1 55 53 21
 216   2 55 58 48 45  1 55 53 21
 217   3 55 58 48 45  1 55 53 21
 218   0 55 58 48 45 52 37 53 21
 219   0 55 58 48 45  1 37 53 21
 220   1 55 58 48 45  1 37 53 21
 221   2 55 58 48 45  1 37 53 21
 222   3 55 58 48 45  1 37 53 21
 223   0 55 58 48 56  1 37 32 21
 224   1 55 58 48 56  1 37 32 21
 225   0 55 58 48 45  1 37 32 21
 226   0 55 58 48 56  1 37 32 21
 227   1 55 58 48 56  1 37 32 21
 228   2 55 58 48 56  1 37 32 21
 229   3 55 58 48 56  1 37 32 21
 230   0 55 58 48 45  1 55 32 21
 231   1 55 58 48 45  1 55 32 21
 232   2 55 58 48 45  1 55 32 21
 233   3 55 58 48 45  1 55 32 21
 234   4 55 58 48 45  1 55 32 21
 235   0 51 58 48 45  1 55 32 21
 236   1 51 58 48 45  1 55 32 21
 237   2 51 58 48 45  1 55 32 21
 238   3 51 58 48 45  1 55 32 21
 239   4 51 58 48 45  1 55 32 21
 240   5 51 58 48 45  1 55 32 21
 241   6 51 58 48 45  1 55 32 21
 242   7 51 58 48 45  1 55 32 21
 243   0 51  1 48 45  1 55 32 21
 244   1 51  1 48 45  1 55 32 21
 245   0 23  1 48 25  1 55 53 21
 246   1 23  1 48 25  1 55 53 21
 247   2 23  1 48 25  1 55 53 21
 248   0 51  1 48 25 52 55 53 21
 249   0 23  1 48 25 52 55 53 21
 250   1 23  1 48 25 52 55 53 21
 251   0 23  1 48 25  1 55 32 21
 252   1 23  1 48 25  1 55 32 21
 253   2 23  1 48 25  1 55 32 21
 254   3 23  1 48 25  1 55 32 21
 255   4 23  1 48 25  1 55 32 21
 256   5 23  1 48 25  1 55 32 21
 257   6 23  1 48 25  1 55 32 21
 258   0 23  1 48 25  1 55  6 21
 259   0 23  1 48 25  1 55 53 21
 260   1 23  1 48 25  1 55 53 21
 261   2 23  1 48 25  1 55 53 21
 262   3 23  1 48 25  1 55 53 21
 263   0 23  1 48 56  1 55 32 21
 264   0 23  1 48 56  1 55 53 21
 265   1 23  1 48 56  1 55 53 21
 266   0 23  1 48 56 52 55 53 21
 267   0 23  1 48 56  1 55 32 21
 268   0 23  1 48 56  1 55 53 21
 269   0 23  1 48 56 52 55 53 21
 270   0 23  1 48 56  1 55  1 21
 271   0 23  1 48 56 52 55  1 21
 272   1 23  1 48 56 52 55  1 21
 273   0 23  1 48 56 52 55 32 21
 274   0 51  1 43 56 52 55 32 21
 275   1 51  1 43 56 52 55 32 21
 276   2 51  1 43 56 52 55 32 21
 277   3 51  1 43 56 52 55 32 21
 278   0 51  1 43 56  1 55 32 21
 279   1 51  1 43 56  1 55 32 21
 280   2 51  1 43 56  1 55 32 21
 281   3 51  1 43 56  1 55 32 21
 282   0 23  1 43 56  1 55 32 21
 283   1 23  1 43 56  1 55 32 21
 284   2 23  1 43 56  1 55 32 21
 285   3 23  1 43 56  1 55 32 21
 286   4 23  1 43 56  1 55 32 21
 287   5 23  1 43 56  1 55 32 21
 288   6 23  1 43 56  1 55 32 21
 289   7 23  1 43 56  1 55 32 21
 290   0 23  1 43 45  1 55 32 21
 291   1 23  1 43 45  1 55 32 21
 292   0 23 63 43 45  1 55 32 21
 293   1 23 63 43 45  1 55 32 21
 294   0 23  1 43 45  1 55 32 21
 295   0 25 37 43 45  1 55 32 21
 296   0 23 63 43 25  1 55 32 21
 297   1 23 63 43 25  1 55 32 21
 298   2 23 63 43 25  1 55 32 21
 299   3 23 63 43 25  1 55 32 21
 300   0 23 63 43 56  1 55 32 21
 301   1 23 63 43 56  1 55 32 21
 302   2 23 63 43 56  1 55 32 21
 303   3 23 63 43 56  1 55 32 21
 304   4 23 63 43 56  1 55 32 21
 305   5 23 63 43 56  1 55 32 21
 306   6 23 63 43 56  1 55 32 21
 307   7 23 63 43 56  1 55 32 21
 308   8 23 63 43 56  1 55 32 21
 309   9 23 63 43 56  1 55 32 21
 310  10 23 63 43 56  1 55 32 21
 311  11 23 63 43 56  1 55 32 21
 312  12 23 63 43 56  1 55 32 21
 313  13 23 63 43 56  1 55 32 21
 314  14 23 63 43 56  1 55 32 21
 315  15 23 63 43 56  1 55 32 21
 316  16 23 63 43 56  1 55 32 21
 317  17 23 63 43 56  1 55 32 21
 318  18 23 63 43 56  1 55 32 21
 319  19 23 63 43 56  1 55 32 21
 320  20 23 63 43 56  1 55 32 21
 321  21 23 63 43 56  1 55 32 21
 322  22 23 63 43 56  1 55 32 21
 323   0 47 63 43 56  1 55 32 21
 324   1 47 63 43 56  1 55 32 21
 325   0 47 63 48 56  1 55 32 21
 326   1 47 63 48 56  1 55 32 21
 327   2 47 63 48 56  1 55 32 21
 328   0 47 63 43 56  1 55 32 21
 329   1 47 63 43 56  1 55 32 21
 330   2 47 63 43 56  1 55 32 21
 331   3 47 63 43 56  1 55 32 21
 332   4 47 63 43 56  1 55 32 21
 333   0 47 63 43 56  1 55 22 21
 334   0 47 63 48 56  1 55 22 21
 335   1 47 63 48 56  1 55 22 21
 336   0 47 63 48 56  1 55 32 21
 337   0 47 63 43 56  1 55 32 21
 338   1 47 63 43 56  1 55 32 21
 339   2 47 63 43 56  1 55 32 21
 340   3 47 63 43 56  1 55 32 21
 341   0 47 63 53 56  1 55 32 21
 342   0 47 63 43 56  1 55 32 21
 343   1 47 63 43 56  1 55 32 21
 344   2 47 63 43 56  1 55 32 21
 345   3 47 63 43 56  1 55 32 21
 346   0 32 63 43 56  1 55 32 21
 347   1 32 63 43 56  1 55 32 21
 348   0 32 63 43 56  1 55 22 21
 349   1 32 63 43 56  1 55 22 21
 350   2 32 63 43 56  1 55 22 21
 351   3 32 63 43 56  1 55 22 21
 352   4 32 63 43 56  1 55 22 21
 353   5 32 63 43 56  1 55 22 21
 354   6 32 63 43 56  1 55 22 21
 355   7 32 63 43 56  1 55 22 21
 356   8 32 63 43 56  1 55 22 21
 357   0 58 63 43 56  1 55 22 21
 358   1 58 63 43 56  1 55 22 21
 359   2 58 63 43 56  1 55 22 21
 360   3 58 63 43 56  1 55 22 21
 361   4 58 63 43 56  1 55 22 21
 362   0 17 63 43 56  1 55 32 21
 363   0 32 63 43 56  1 55 32 21
 364   1 32 63 43 56  1 55 32 21
 365   2 32 63 43 56  1 55 32 21
 366   0 23 63 43 56  1 55 32 21
 367   1 23 63 43 56  1 55 32 21
 368   0 32 63 43 56  1 55 32 21
 369   0 23 63 43 56  1 55 32 21
 370   0 17 63 43 56  1 55 32 21
 371   0 32 63 43 56  1 55 32 21
 372   0 17 63 43 56  1  1 32 21
 373   1 17 63 43 56  1  1 32 21
 374   2 17 63 43 56  1  1 32 21
 375   3 17 63 43 56  1  1 32 21
 376   4 17 63 43 56  1  1 32 21
 377   0 17 63 23 56  1  1 32 21
 378   1 17 63 23 56  1  1 32 21
 379   0 31 63 23 56  1  1 32 21
 380   1 31 63 23 56  1  1 32 21
 381   2 31 63 23 56  1  1 32 21
 382   3 31 63 23 56  1  1 32 21
 383   4 31 63 23 56  1  1 32 21
 384   0 31 63 43 56  1  1 32 21
 385   1 31 63 43 56  1  1 32 21
 386   2 31 63 43 56  1  1 32 21
 387   0 31 63 23 56 22  1 32 21
 388   0 31 63 43 56 22  1 32 21
 389   1 31 63 43 56 22  1 32 21
 390   2 31 63 43 56 22  1 32 21
 391   0 31 63 23 56 22  1 32 21
 392   1 31 63 23 56 22  1 32 21
 393   0 31 63 43 56  1  1 32 21
 394   1 31 63 43 56  1  1 32 21
 395   0 31 63 23 56  1  1 32 21
 396   1 31 63 23 56  1  1 32 21
 397   2 31 63 23 56  1  1 32 21
 398   3 31 63 23 56  1  1 32 21
 399   4 31 63 23 56  1  1 32 21
 400   5 31 63 23 56  1  1 32 21
 401   0 31 63 23 56 22  1 32 21
 402   1 31 63 23 56 22  1 32 21
 403   2 31 63 23 56 22  1 32 21
 404   3 31 63 23 56 22  1 32 21
 405   4 31 63 23 56 22  1 32 21
 406   5 31 63 23 56 22  1 32 21
 407   0 31 63 23 56  1  1 32 21
 408   1 31 63 23 56  1  1 32 21
 409   2 31 63 23 56  1  1 32 21
 410   3 31 63 23 56  1  1 32 21
 411   4 31 63 23 56  1  1 32 21
 412   5 31 63 23 56  1  1 32 21
 413   6 31 63 23 56  1  1 32 21
 414   0 31 63 23 56 22  1 32 21
 415   1 31 63 23 56 22  1 32 21
 416   2 31 63 23 56 22  1 32 21
 417   3 31 63 23 56 22  1 32 21
 418   4 31 63 23 56 22  1 32 21
 419   5 31 63 23 56 22  1 32 21
 420   6 31 63 23 56 22  1 32 21
 421   7 31 63 23 56 22  1 32 21
 422   8 31 63 23 56 22  1 32 21
 423   0 31 63 23 56 23  1 32 21
 424   0 31 63 23 56 23  1 42 21
 425   1 31 63 23 56 23  1 42 21
 426   2 31 63 23 56 23  1 42 21
 427   0 23 63 23 56 23  1 42 21
 428   0 31 63 23 56 23  1 42 21
 429   1 31 63 23 56 23  1 42 21
 430   2 31 63 23 56 23  1 42 21
 431   3 31 63 23 56 23  1 42 21
 432   4 31 63 23 56 23  1 42 21
 433   5 31 63 23 56 23  1 42 21
 434   6 31 63 23 56 23  1 42 21
 435   7 31 63 23 56 23  1 42 21
 436   8 31 63 23 56 23  1 42 21
 437   9 31 63 23 56 23  1 42 21
 438  10 31 63 23 56 23  1 42 21
 439  11 31 63 23 56 23  1 42 21
 440   0 31 42 23 56 23  1 42 21
 441   0 31 63 23 56 21  1 42 21
 442   1 31 63 23 56 21  1 42 21
 443   2 31 63 23 56 21  1 42 21
 444   3 31 63 23 56 21  1 42 21
 445   0 31 42 23 56 21  1 42 21
 446   0 31 42 23 56  1  1 42 21
 447   0 31 42 23 56 21  1 42 21
 448   1 31 42 23 56 21  1 42 21
 449   2 31 42 23 56 21  1 42 21
 450   0 31 42 23 56 21 55 42 21
 451   0 31 63 23 56  1  1 42 21
 452   0 31 63 23 56 21  1 42 21
 453   1 31 63 23 56 21  1 42 21
 454   0 31 42 23 56 21 63 42 21
 455   0 17 42 23 56 21 63 42 21
 456   1 17 42 23 56 21 63 42 21
 457   0 54 42 23 56 21 63 42 21
 458   1 54 42 23 56 21 63 42 21
 459   2 54 42 23 56 21 63 42 21
 460   3 54 42 23 56 21 63 42 21
 461   4 54 42 23 56 21 63 42 21
 462   5 54 42 23 56 21 63 42 21
 463   0 54 42 23 56 21  1 42 21
 464   1 54 42 23 56 21  1 42 21
 465   2 54 42 23 56 21  1 42 21
 466   3 54 42 23 56 21  1 42 21
 467   4 54 42 23 56 21  1 42 21
 468   5 54 42 23 56 21  1 42 21
 469   6 54 42 23 56 21  1 42 21
 470   7 54 42 23 56 21  1 42 21
 471   8 54 42 23 56 21  1 42 21
 472   9 54 42 23 56 21  1 42 21
 473  10 54 42 23 56 21  1 42 21
 474  11 54 42 23 56 21  1 42 21
 475  12 54 42 23 56 21  1 42 21
 476  13 54 42 23 56 21  1 42 21
 477  14 54 42 23 56 21  1 42 21
 478  15 54 42 23 56 21  1 42 21
 479  16 54 42 23 56 21  1 42 21
 480  17 54 42 23 56 21  1 42 21
 481   0 31 42 23 56 21  1 42 21
 482   0 20 42 23 56 21  1 42 21
 483   1 20 42 23 56 21  1 42 21
 484   2 20 42 23 56 21  1 42 21
 485   0 31 42 23 56 21  1 42 21
 486   1 31 42 23 56 21  1 42 21
 487   2 31 42 23 56 21  1 42 21
 488   0 31 42 23 56 23  1 42 21
 489   1 31 42 23 56 23  1 42 21
 490   2 31 42 23 56 23  1 42 21
 491   0 31 42 23 56 21 55 32 21
 492   0 31 42 23 56  1 55 32 21
 493   0 31 42 23 56 21 55 32 21
 494   1 31 42 23 56 21 55 32 21
 495   2 31 42 23 56 21 55 32 21
 496   0 20 42 23 56 21 55 32 21
 497   0 20 42 23 56  1 55 42 21
 498   1 20 42 23 56  1 55 42 21
 499   2 20 42 23 56  1 55 42 21
 500   3 20 42 23 56  1 55 42 21
 501   0 20 42 23 56 21 55 42 21
 502   1 20 42 23 56 21 55 42 21
 503   2 20 42 23 56 21 55 42 21
 504   3 20 42 23 56 21 55 42 21
 505   4 20 42 23 56 21 55 42 21
 506   0 20 61 23 56 21 55 42 21
 507   1 20 61 23 56 21 55 42 21
 508   2 20 61 23 56 21 55 42 21
 509   0 20 42 23 56 21 55 42 21
 510   1 20 42 23 56 21 55 42 21
 511   0 20 61 23 56 21 55 42 21
 512   1 20 61 23 56 21 55 42 21
 513   2 20 61 23 56 21 55 42 21
 514   3 20 61 23 56 21 55 42 21
 515   0 20 42 23 56 21 55 42 21
 516   0 20 61 23 56 21 55 42 21
 517   0 20 61 23 56 21  1 42 21
 518   0 20 61 23 56 21 55 42 21
 519   0 20 61 23 56 21 55 32 21
 520   1 20 61 23 56 21 55 32 21
 521   2 20 61 23 56 21 55 32 21
 522   0 20 42 23 56 21 55 42 21
 523   1 20 42 23 56 21 55 42 21
 524   2 20 42 23 56 21 55 42 21
 525   0 20 42 23 56  1 55 42 21
 526   0 20 42 23 56  1 55 32 21
 527   0 20 61 23 56 21 55 32 21
 528   0 20 42 23 56 21 55 32 21
 529   1 20 42 23 56 21 55 32 21
 530   0 20 42 23 56 23 55 32 21
 531   0 20 42 21 56 21 55 32 21
 532   1 20 42 21 56 21 55 32 21
 533   0 20 42 21 56 21 55 42 21
 534   1 20 42 21 56 21 55 42 21
 535   0 20 42 21 56 21 55 32 21
 536   0 20 42 21 56 21 63 42 21
 537   1 20 42 21 56 21 63 42 21
 538   0 20 42 21 56 21 63 32 21
 539   1 20 42 21 56 21 63 32 21
 540   0 20 42 21 56 21 63 42 21
 541   1 20 42 21 56 21 63 42 21
 542   2 20 42 21 56 21 63 42 21
 543   3 20 42 21 56 21 63 42 21
 544   0 55 14 26 56 21 63 32 21
 545   0 20 42 26 56 23 63 32 21
 546   0 31 42 26 56 23 63 32 21
 547   0 31 42 26 56 21 63 32 21
 548   0 31 42 26 56 23 63 32 21
 549   0 20 42 26 56 23 63 32 21
 550   1 20 42 26 56 23 63 32 21
 551   2 20 42 26 56 23 63 32 21
 552   3 20 42 26 56 23 63 32 21
 553   0 20 42 23 56 23 63 32 21
 554   1 20 42 23 56 23 63 32 21
 555   2 20 42 23 56 23 63 32 21
 556   3 20 42 23 56 23 63 32 21
 557   4 20 42 23 56 23 63 32 21
 558   5 20 42 23 56 23 63 32 21
 559   6 20 42 23 56 23 63 32 21
 560   0 20 42 23 56 23 55 32 21
 561   1 20 42 23 56 23 55 32 21
 562   2 20 42 23 56 23 55 32 21
 563   0 20 42 23 56 23 63 32 21
 564   0 20 42 23 56 23 55 32 21
 565   1 20 42 23 56 23 55 32 21
 566   2 20 42 23 56 23 55 32 21
 567   3 20 42 23 56 23 55 32 21
 568   4 20 42 23 56 23 55 32 21
 569   0 55 42 23 56 23 55 32 21
 570   1 55 42 23 56 23 55 32 21
 571   0 20 42 23 56 23 55 32 21
 572   1 20 42 23 56 23 55 32 21
 573   2 20 42 23 56 23 55 32 21
 574   0 20 42 26 56 23 55 32 21
 575   1 20 42 26 56 23 55 32 21
 576   2 20 42 26 56 23 55 32 21
 577   3 20 42 26 56 23 55 32 21
 578   4 20 42 26 56 23 55 32 21
 579   5 20 42 26 56 23 55 32 21
 580   0 20 42 23 56 23 55 32 21
 581   0 31 42 23 56 23 55 32 21
 582   1 31 42 23 56 23 55 32 21
 583   2 31 42 23 56 23 55 32 21
 584   3 31 42 23 56 23 55 32 21
 585   0 31 42 23 56 23 63 32 21
 586   0 31 63 23 56 23 55 32 21
 587   0 31 42 23 56 23 63 63 21
 588   0 31 42 23 56 23 63 32 21
 589   1 31 42 23 56 23 63 32 21
 590   2 31 42 23 56 23 63 32 21
 591   3 31 42 23 56 23 63 32 21
 592   4 31 42 23 56 23 63 32 21
 593   5 31 42 23 56 23 63 32 21
 594   0 31 42 23 56 23 55 32 21
 595   0 31 63 23 56 23 55 32 21
 596   0 31 63  3 56 23 55 32 21
 597   0 23 63 43 56 23 55 32 21
 598   1 23 63 43 56 23 55 32 21
 599   2 23 63 43 56 23 55 32 21
 600   3 23 63 43 56 23 55 32 21
 601   4 23 63 43 56 23 55 32 21
 602   5 23 63 43 56 23 55 32 21
 603   0 23 63  3 56 23 55 32 21
 604   0 23 63 23 56 23 55 32 21
 605   1 23 63 23 56 23 55 32 21
 606   0 23 63 43 56 23 55 32 21
 607   0 23 63  3 56 23 55 32 21
 608   1 23 63  3 56 23 55 32 21
 609   2 23 63  3 56 23 55 32 21
 610   3 23 63  3 56 23 55 32 21
 611   4 23 63  3 56 23 55 32 21
 612   0 23 63 23 56 23 55 32 21
 613   1 23 63 23 56 23 55 32 21
 614   0 20 63 23 56 23 55 32 21
 615   1 20 63 23 56 23 55 32 21
 616   2 20 63 23 56 23 55 32 21
 617   3 20 63 23 56 23 55 32 21
 618   0 20 63 43 56 23 63 32 21
 619   1 20 63 43 56 23 63 32 21
 620   0 20 63 23 56 23 63 32 21
 621   0 23 63 25 56 23 63 32 21
 622   0 20 63 23 56 23 63 32 21
 623   0 23 63 25 56 23 63 32 21
 624   1 23 63 25 56 23 63 32 21
 625   2 23 63 25 56 23 63 32 21
 626   0 10 14  2 56 23 63 32 21
 627   1 10 14  2 56 23 63 32 21
 628   2 10 14  2 56 23 63 32 21
 629   0 55 22  2 56 23 63 32 21
 630   0 10 22  2 56 23 63 32 21
 631   1 10 22  2 56 23 63 32 21
 632   0 23 22  2 56 23 63 40 21
 633   1 23 22  2 56 23 63 40 21
 634   2 23 22  2 56 23 63 40 21
 635   0 55 22  2 56 23 55 40 21
 636   1 55 22  2 56 23 55 40 21
 637   0 55 22 20 56 23 55 40 21
 638   0 55 42 20 56 23 55 40 21
 639   0 55 22 20 56 23 55 40 21
 640   0 55 42 20 56 23 55 40 21
 641   1 55 42 20 56 23 55 40 21
 642   2 55 42 20 56 23 55 40 21
 643   3 55 42 20 56 23 55 40 21
 644   4 55 42 20 56 23 55 40 21
 645   0 55 14 20 56 23 55 40 21
 646   1 55 14 20 56 23 55 40 21
 647   2 55 14 20 56 23 55 40 21
 648   3 55 14 20 56 23 55 40 21
 649   4 55 14 20 56 23 55 40 21
 650   5 55 14 20 56 23 55 40 21
 651   6 55 14 20 56 23 55 40 21
 652   7 55 14 20 56 23 55 40 21
 653   8 55 14 20 56 23 55 40 21
 654   9 55 14 20 56 23 55 40 21
 655  10 55 14 20 56 23 55 40 21
 656  11 55 14 20 56 23 55 40 21
 657  12 55 14 20 56 23 55 40 21
 658   0 55 22 20 56 23 55 40 21
 659   0 55 14 20 56 23 55 40 21
 660   1 55 14 20 56 23 55 40 21
 661   0 55 42 20 56 23 55 40 21
 662   0 55 14 20 56 23 55 40 21
 663   0 55 42 20 56 23 55 40 21
 664   0 55 22 43 56 23 55 40 21
 665   0 55 14 43 56 23 55 40 21
 666   0 55 42 43 56 23 55 40 21
 667   1 55 42 43 56 23 55 40 21
 668   2 55 42 43 56 23 55 40 21
 669   3 55 42 43 56 23 55 40 21
 670   4 55 42 43 56 23 55 40 21
 671   0 55 14 43 56 23 55 40 21
 672   1 55 14 43 56 23 55 40 21
 673   2 55 14 43 56 23 55 40 21
 674   0 55 14 20 56 23 55 40 21
 675   1 55 14 20 56 23 55 40 21
 676   0 55 14 27 56 23 55 40 21
 677   1 55 14 27 56 23 55 40 21
 678   2 55 14 27 56 23 55 40 21
 679   0 55 22 27 56 23 55 40 21
 680   0 55 14 27 56 23 57 40 21
 681   1 55 14 27 56 23 57 40 21
 682   2 55 14 27 56 23 57 40 21
 683   3 55 14 27 56 23 57 40 21
 684   4 55 14 27 56 23 57 40 21
 685   5 55 14 27 56 23 57 40 21
 686   0 55 42 27 56 23 57 40 21
 687   1 55 42 27 56 23 57 40 21
 688   2 55 42 27 56 23 57 40 21
 689   0 55 14 23 56 23 57 40 21
 690   0 55 42 23 56 23 57 40 21
 691   0 55 14 23 56 23 57 40 21
 692   1 55 14 23 56 23 57 40 21
 693   0 55 42 23 56 23 57 40 21
 694   1 55 42 23 56 23 57 40 21
 695   0 55 14 23 56 23 57 40 21
 696   1 55 14 23 56 23 57 40 21
 697   0 55 22 23 56 23 57 40 21
 698   0 55 14 23 56 23 57 40 21
 699   0 55 22 23 56 23 57 40 21
 700   0 55 14 23 56 23 57 40 21
 701   0 55 22 23 56 23 57 40 21
 702   1 55 22 23 56 23 57 40 21
 703   2 55 22 23 56 23 57 40 21
 704   3 55 22 23 56 23 57 40 21
 705   4 55 22 23 56 23 57 40 21
 706   5 55 22 23 56 23 57 40 21
 707   6 55 22 23 56 23 57 40 21
 708   7 55 22 23 56 23 57 40 21
 709   8 55 22 23 56 23 57 40 21
 710   9 55 22 23 56 23 57 40 21
 711   0 55 42 23 56 23 57 40 21
 712   1 55 42 23 56 23 57 40 21
 713   2 55 42 23 56 23 57 40 21
 714   3 55 42 23 56 23 57 40 21
 715   0 55 42 12 56 23 57 40 21
 716   1 55 42 12 56 23 57 40 21
 717   2 55 42 12 56 23 57 40 21
 718   3 55 42 12 56 23 57 40 21
 719   4 55 42 12 56 23 57 40 21
 720   5 55 42 12 56 23 57 40 21
 721   0 55 22 12 56 23 57 40 21
 722   1 55 22 12 56 23 57 40 21
 723   2 55 22 12 56 23 57 40 21
 724   3 55 22 12 56 23 57 40 21
 725   4 55 22 12 56 23 57 40 21
 726   5 55 22 12 56 23 57 40 21
 727   6 55 22 12 56 23 57 40 21
 728   0 55 63 43 56 23 57 40 21
 729   1 55 63 43 56 23 57 40 21
 730   2 55 63 43 56 23 57 40 21
 731   0 55 63 23 56 23 57 40 21
 732   1 55 63 23 56 23 57 40 21
 733   2 55 63 23 56 23 57 40 21
 734   0 55 22 12 56 48 57 40 21
 735   1 55 22 12 56 48 57 40 21
 736   0 55 22 23 56 48 57 40 21
 737   0 55 22 43 56 23 57 40 21
 738   0 55 63 43 56 23 57 32 21
 739   0 55 63 23 56 23 57 32 21
 740   0 55 63 23 56 23 57 40 21
 741   0 55 22 43 56 48 57 32 21
 742   0 55 22 23 56 23 57 32 21
 743   0 55 22 23 56 48 57 40 21
 744   0 55 63 23 56 23 57 40 21
 745   1 55 63 23 56 23 57 40 21
 746   2 55 63 23 56 23 57 40 21
 747   0 55 63 23 56 23 57 32 21
 748   1 55 63 23 56 23 57 32 21
 749   2 55 63 23 56 23 57 32 21
 750   0 38 63 23 56 23 57 40 21
 751   0 55 63 23 56 23 57 40 21
 752   1 55 63 23 56 23 57 40 21
 753   0 10 63 23 56 48 57 40 21
 754   0 38 63 12 56 48 57 40 21
 755   0 38 22 23 56 48 57 40 21
 756   1 38 22 23 56 48 57 40 21
 757   2 38 22 23 56 48 57 40 21
 758   3 38 22 23 56 48 57 40 21
 759   4 38 22 23 56 48 57 40 21
 760   5 38 22 23 56 48 57 40 21
 761   6 38 22 23 56 48 57 40 21
 762   7 38 22 23 56 48 57 40 21
 763   8 38 22 23 56 48 57 40 21
 764   9 38 22 23 56 48 57 40 21
 765  10 38 22 23 56 48 57 40 21
 766  11 38 22 23 56 48 57 40 21
 767  12 38 22 23 56 48 57 40 21
 768  13 38 22 23 56 48 57 40 21
 769  14 38 22 23 56 48 57 40 21
 770  15 38 22 23 56 48 57 40 21
 771  16 38 22 23 56 48 57 40 21
 772  17 38 22 23 56 48 57 40 21
 773  18 38 22 23 56 48 57 40 21
 774  19 38 22 23 56 48 57 40 21
 775  20 38 22 23 56 48 57 40 21
 776  21 38 22 23 56 48 57 40 21
 777  22 38 22 23 56 48 57 40 21
 778  23 38 22 23 56 48 57 40 21
 779  24 38 22 23 56 48 57 40 21
 780  25 38 22 23 56 48 57 40 21
 781  26 38 22 23 56 48 57 40 21
 782  27 38 22 23 56 48 57 40 21
 783  28 38 22 23 56 48 57 40 21
 784   0 38 22 27 56 48 57 63 21
 785   0 38 22 23 56 48 57 40 21
 786   1 38 22 23 56 48 57 40 21
 787   2 38 22 23 56 48 57 40 21
 788   0 38 22 27 56 48 57 40 21
 789   0 38 22 27 32 48 57 40 21
 790   0 38 42 27 32 48 57 40 21
 791   1 38 42 27 32 48 57 40 21
 792   2 38 42 27 32 48 57 40 21
 793   3 38 42 27 32 48 57 40 21
 794   4 38 42 27 32 48 57 40 21
 795   5 38 42 27 32 48 57 40 21
 796   6 38 42 27 32 48 57 40 21
 797   0 38 42 27 56 48 57 40 21
 798   0 38 42 27 32 48 57 40 21
 799   1 38 42 27 32 48 57 40 21
 800   2 38 42 27 32 48 57 40 21
 801   3 38 42 27 32 48 57 40 21
 802   0 38 42 54 32 48 57 40 21
 803   0 38 22 54 32 48 57 40 21
 804   0 38 22 27 32 48 57 40 21
 805   1 38 22 27 32 48 57 40 21
 806   0 38 42 27 32 48 57 40 21
 807   1 38 42 27 32 48 57 40 21
 808   0 38 22 27 32 48 57 40 21
 809   1 38 22 27 32 48 57 40 21
 810   2 38 22 27 32 48 57 40 21
 811   3 38 22 27 32 48 57 40 21
 812   4 38 22 27 32 48 57 40 21
 813   5 38 22 27 32 48 57 40 21
 814   6 38 22 27 32 48 57 40 21
 815   7 38 22 27 32 48 57 40 21
 816   8 38 22 27 32 48 57 40 21
 817   9 38 22 27 32 48 57 40 21
 818   0 38 22 54 32 48 57 40 21
 819   1 38 22 54 32 48 57 40 21
 820   2 38 22 54 32 48 57 40 21
 821   3 38 22 54 32 48 57 40 21
 822   4 38 22 54 32 48 57 40 21
 823   5 38 22 54 32 48 57 40 21
 824   6 38 22 54 32 48 57 40 21
 825   7 38 22 54 32 48 57 40 21
 826   8 38 22 54 32 48 57 40 21
 827   9 38 22 54 32 48 57 40 21
 828  10 38 22 54 32 48 57 40 21
 829  11 38 22 54 32 48 57 40 21
 830  12 38 22 54 32 48 57 40 21
 831  13 38 22 54 32 48 57 40 21
 832   0 38 42 54 32 48 57 40 21
 833   1 38 42 54 32 48 57 40 21
 834   0 38 22 54 32 48 57 40 21
 835   1 38 22 54 32 48 57 40 21
 836   2 38 22 54 32 48 57 40 21
 837   3 38 22 54 32 48 57 40 21
 838   4 38 22 54 32 48 57 40 21
 839   5 38 22 54 32 48 57 40 21
 840   6 38 22 54 32 48 57 40 21
 841   7 38 22 54 32 48 57 40 21
 842   8 38 22 54 32 48 57 40 21
 843   9 38 22 54 32 48 57 40 21
