# Table: trace
# Stability threshold: 100
# Iteration threshold: 1
#
# Columns: Iteration Stability Subkey0 ... Subkey7
   1   0  0  0  0  0  0  0  0  0
   2   0  1  0  0  0  0  1  1  0
   3   0 28 22 47 48  6  8 46 30
   4   0 35 22 48 20 29  8 46 34
   5   0 32 31 29  6  6 24 22  6
   6   0 32 50 39  3 31 23 35 47
   7   0 62 50 34  3 30 23 30 47
   8   0 62 24 34  3 30 29 30 47
   9   0  3 38 34  3 30 29 30 47
  10   0 62 38 34 29 30 29 30 47
  11   0 62 38 38 47 30 29  4 47
  12   0 62 24 37 47 30 29  4 47
  13   0 62 24 37 47 30 29 48 47
  14   0 62 24 38 47 30 29 48 47
  15   0 62 24 38 47 30  0 48 54
  16   0 62 24 38 10 30 13 30 54
  17   0 62 24 38 29 30 13 30 54
  18   0 62 24 38 34 30 43 54 54
  19   0 62 24 59 34 30 31 54 54
  20   1 62 24 59 34 30 31 54 54
  21   0 62 24 59 34 19 43 54 54
  22   0 12 23 59 44 19 43 48 54
  23   0 37  9 34 44 19 43 48 15
  24   0 56  9 34 44 19 43 48 15
  25   0 56  6 34 44 19 43 48 54
  26   0 56  6 34 44 19 17 48 54
  27   0 56  6 59 44 19 13  4 54
  28   0 56  9 59 44 19 13 16 54
  29   0 56 13 59 44 19 13 16 54
  30   0 56 63 59 44 61 13 16 54
  31   0 56  9 34 44 19 13 16 54
  32   1 56  9 34 44 19 13 16 54
  33   0 56  9 59 44 19 13 16 54
  34   0 56  9 59  3  2 23 30 54
  35   1 56  9 59  3  2 23 30 54
  36   2 56  9 59  3  2 23 30 54
  37   3 56  9 59  3  2 23 30 54
  38   4 56  9 59  3  2 23 30 54
  39   0 56  9 59  3  2 23 16 54
  40   0 56  9 59  3  2 23 30 54
  41   1 56  9 59  3  2 23 30 54
  42   2 56  9 59  3  2 23 30 54
  43   0 56  9 59 34  2 23 30 48
  44   0 56  9 59  3  2 23 30 48
  45   0 56  9 59  3  2 23 30 54
  46   0 56  2 59 34  2 23 30 48
  47   1 56  2 59 34  2 23 30 48
  48   0 56  2 59  3  2 23 30 25
  49   1 56  2 59  3  2 23 30 25
  50   2 56  2 59  3  2 23 30 25
  51   0 56  9 59  3 61 13 30 25
  52   0 56  9 59  3 61 13 30 15
  53   0 12  9 59  3 61 36 30 25
  54   0 56  9 59  3  2 13 30 25
  55   1 56  9 59  3  2 13 30 25
  56   0 56  2 59 30  2 36 30 15
  57   0 56  2 59 49  2 13 30 15
  58   0 56  2 59 55  2 13 30 15
  59   0 56  2 59 55  2 13 30 38
  60   0 56 21 59 38  2 13 30 38
  61   1 56 21 59 38  2 13 30 38
  62   0 56 21 59  3  2 13 30 38
  63   1 56 21 59  3  2 13 30 38
  64   2 56 21 59  3  2 13 30 38
  65   3 56 21 59  3  2 13 30 38
  66   0 56 21 59 38  2 13 30 25
  67   0 56  6 59 38  2 13 30 38
  68   1 56  6 59 38  2 13 30 38
  69   2 56  6 59 38  2 13 30 38
  70   3 56  6 59 38  2 13 30 38
  71   0 56 21 59 33  2 13 30 38
  72   0 56 21 59 38  2 13 30 38
  73   0 56 21 59 38  2 13 30 48
  74   0 56  6 59 38  2 13 30 48
  75   0 56  6 59 38  2 13 30 38
  76   0 56  6 59 38  2 13 30 48
  77   0 56  6 59 22  2 13 30 48
  78   0 56  6 59 33  2 13 30 48
  79   1 56  6 59 33  2 13 30 48
  80   0 56  6 59 38  2 13 30 48
  81   0 56  6 59 22  2 13 30 48
  82   1 56  6 59 22  2 13 30 48
  83   2 56  6 59 22  2 13 30 48
  84   0 56  6 59 55  2 13 28 48
  85   1 56  6 59 55  2 13 28 48
  86   2 56  6 59 55  2 13 28 48
  87   0 56  6 59 38  2 13 28 48
  88   1 56  6 59 38  2 13 28 48
  89   0 56  6 59 38  2 13 28 25
  90   1 56  6 59 38  2 13 28 25
  91   0 56  6 59 38  2 61 28 25
  92   0 56  9 59 38  2 61 28 32
  93   1 56  9 59 38  2 61 28 32
  94   0 56  6 59 38  2 13 28 48
  95   0 56  6 59 38  2 13 46 48
  96   1 56  6 59 38  2 13 46 48
  97   0 56  6 59 38  2 61 28 48
  98   0 56  6 59 38  2 13 28 48
  99   0 56  6 59 38 61 13 28 48
 100   0 56  9 59 38  2 13 28 48
 101   0 56  6 59 38  2 13 28 48
 102   1 56  6 59 38  2 13 28 48
 103   2 56  6 59 38  2 13 28 48
 104   0 56  6 59 38 61 13 28 48
