# Table: trace
# Stability threshold: 100
# Iteration threshold: 1
#
# Columns: Iteration Stability Subkey0 ... Subkey7
   1   0  0  0  0  0  0  0  0  0
   2   0  6  3 14  0  1  0  4  4
   3   0 53  9 44  0 56 27 10 21
   4   0 31 52 31  0 61 15 21  4
   5   0 51 45  1 56 61 13 46 44
   6   0 54 63  1 35 61  1 46 23
   7   0 54 63  1 35 61 30 46 62
   8   0 54 63  1 58 61 30 46 62
   9   1 54 63  1 58 61 30 46 62
  10   0 54 63  1 58 61 57 26 62
  11   1 54 63  1 58 61 57 26 62
  12   0 32 63 17 58 35 30 46 62
  13   0 32 63 17 62 35 30 40 62
  14   0 32 63 17 58 35 30 40 62
  15   0 32 63 17  3 35 30 40 62
  16   0 32 63 17  3 35 30 26 62
  17   0 32 63 38  3 35 57  4 62
  18   0 48 14 38 63 35 54 54 62
  19   0 39 14 22  3 35 54  4 22
  20   0 39 14 22  3 35 30 46 22
  21   0 39 14 22  3 35 30  4 62
  22   0 16 14 22  3 35 30  4 35
  23   0 39 14 22 11 35 30  4 41
  24   0 59 14 22  9 35 30  4 41
  25   0 42 14 22 54 35 30 33 41
  26   0 42 14 22 52 35 30 33 41
  27   0 42 14 22 11 35 30 33 60
  28   0 42 14 22 11 35  3 33 60
  29   0 42 14 22 16 41  2 33 60
  30   0 59 14 22 11 35  2 27 60
  31   0 59 58 22 11 35  2 27 60
  32   0 42 58 22 11 35  2 31 60
  33   0 42 58 22 11 35  2 36 60
  34   1 42 58 22 11 35  2 36 60
  35   2 42 58 22 11 35  2 36 60
  36   0 42 58 24 11 46  2 36 60
  37   1 42 58 24 11 46  2 36 60
  38   0 42 58 24 11 46  2 16 60
  39   1 42 58 24 11 46  2 16 60
  40   2 42 58 24 11 46  2 16 60
  41   0 42 19 22 11 46  2 16 60
  42   1 42 19 22 11 46  2 16 60
  43   2 42 19 22 11 46  2 16 60
  44   0 42 19 22 52 46  2 36 60
  45   1 42 19 22 52 46  2 36 60
  46   2 42 19 22 52 46  2 36 60
  47   0 42 19 22 19 46  2 36 60
  48   0 42 19 22 19 46  3 36 60
  49   1 42 19 22 19 46  3 36 60
  50   2 42 19 22 19 46  3 36 60
