# Table: secmatv1_2006_04_0809
# Stability threshold: 100
# Iteration threshold: 1
#
# Columns: Iteration Stability Subkey0 ... Subkey7
   1   0  0  0  0  0  0  0  0  0
   2   0  6  3 21 52 54 12 63  2
   3   0 31 30 30 15 63 12 50 13
   4   0 31 30 30 59 63 12 50 13
   5   0 31 54 14 15 52 44 57 13
   6   0 31 55  3 56 52 35 17 31
   7   0 36 45 51 40 37 52 27 49
   8   0 36 45 51 21 37 52 27 49
   9   1 36 45 51 21 37 52 27 49
  10   0 46 45 51  0 14 52 14 16
  11   0 63 45 51  0 14 52 14 10
  12   1 63 45 51  0 14 52 14 10
  13   0 63 45 51 46 14 52 54 26
  14   1 63 45 51 46 14 52 54 26
  15   0 63 45 51 46 49  7 54 26
  16   1 63 45 51 46 49  7 54 26
  17   0 63 45 22 46 49 52 54 26
  18   0  8 42 49 45 49 52 54 19
  19   1  8 42 49 45 49 52 54 19
  20   0 56 45 49 46 49 52 54 19
  21   0 56 45 30 45 14 19 54 19
  22   0 56 45 30 37 37 52 54 19
  23   1 56 45 30 37 37 52 54 19
  24   0 56 40 16 37 14 52 54 19
  25   1 56 40 16 37 14 52 54 19
  26   0 56 40  1 37 14 52 54 19
  27   0 56 45  1 37 14 52 54 19
  28   0 56 38  1 37 14 52 54 19
  29   0 56 45 24 37 14 52 54 19
  30   0 56 40 24 45 14 52 54 19
  31   1 56 40 24 45 14 52 54 19
  32   0 56 40  1 45 37 52 54 19
  33   0 56 40 24 45 37 52 54 19
  34   0 56 40  1 45 37 52 29 19
  35   0 56 40 24 45 37 52 29 19
  36   0 56 40 24 45 37 52 54 19
  37   0 56 40 24 45 37 52 29 19
  38   1 56 40 24 45 37 52 29 19
  39   0 56 40 24 45  6 52 54 19
  40   0 56 40  1 45  6 52 29 49
  41   0 56 21  1 45 37 52 54 34
  42   0 56 40  1 45 37 52 29 34
  43   1 56 40  1 45 37 52 29 34
  44   0 56 21  1 45 37 52 54 34
  45   0 56 40  1 45  6 52 54 34
  46   0 56 40  1 45 37 52 54 34
  47   1 56 40  1 45 37 52 54 34
  48   2 56 40  1 45 37 52 54 34
  49   0 56 21 56 45 37 52 54  3
  50   1 56 21 56 45 37 52 54  3
  51   0 56 21 24 45 37 52 54  3
  52   0 56 40  4 45 14 52 52 19
  53   0 56 40  4 45 31 52 27  3
  54   0 56 40 25 45 31 52 27  3
  55   1 56 40 25 45 31 52 27  3
  56   2 56 40 25 45 31 52 27  3
  57   0 56 40 45  9 31 52 27  3
  58   0 56 13  4 26 31 13 27 55
  59   1 56 13  4 26 31 13 27 55
  60   2 56 13  4 26 31 13 27 55
  61   0 56 13 45 26 31 13 27 55
  62   0 56 13 59 26 31 13 27 55
  63   1 56 13 59 26 31 13 27 55
  64   2 56 13 59 26 31 13 27 55
  65   3 56 13 59 26 31 13 27 55
  66   0 56 13 59  9 31 13 27 55
  67   0 56 13 59 26 31 13 27 55
  68   1 56 13 59 26 31 13 27 55
  69   2 56 13 59 26 31 13 27 55
  70   3 56 13 59 26 31 13 27 55
  71   4 56 13 59 26 31 13 27 55
  72   5 56 13 59 26 31 13 27 55
  73   0 56 13 59  9 31 13 27 55
  74   1 56 13 59  9 31 13 27 55
  75   2 56 13 59  9 31 13 27 55
  76   3 56 13 59  9 31 13 27 55
  77   4 56 13 59  9 31 13 27 55
  78   5 56 13 59  9 31 13 27 55
  79   6 56 13 59  9 31 13 27 55
  80   7 56 13 59  9 31 13 27 55
  81   8 56 13 59  9 31 13 27 55
  82   9 56 13 59  9 31 13 27 55
  83  10 56 13 59  9 31 13 27 55
  84  11 56 13 59  9 31 13 27 55
  85  12 56 13 59  9 31 13 27 55
  86  13 56 13 59  9 31 13 27 55
  87  14 56 13 59  9 31 13 27 55
  88  15 56 13 59  9 31 13 27 55
  89  16 56 13 59  9 31 13 27 55
  90  17 56 13 59  9 31 13 27 55
  91  18 56 13 59  9 31 13 27 55
  92  19 56 13 59  9 31 13 27 55
  93  20 56 13 59  9 31 13 27 55
  94  21 56 13 59  9 31 13 27 55
  95  22 56 13 59  9 31 13 27 55
  96  23 56 13 59  9 31 13 27 55
  97  24 56 13 59  9 31 13 27 55
  98  25 56 13 59  9 31 13 27 55
  99   0 58 13 59  9 31 13 27 55
 100   1 58 13 59  9 31 13 27 55
 101   0 56 13 59  9  0 13 27 55
 102   1 56 13 59  9  0 13 27 55
 103   2 56 13 59  9  0 13 27 55
 104   0 56 13 59 26  0 13 27 55
 105   1 56 13 59 26  0 13 27 55
 106   2 56 13 59 26  0 13 27 55
 107   3 56 13 59 26  0 13 27 55
 108   0 56 13 59  9  0 13 27 55
 109   1 56 13 59  9  0 13 27 55
 110   2 56 13 59  9  0 13 27 55
 111   0 56 13 59 26  0 13 27 55
 112   0 56 13 59  9  0 13 27 55
 113   1 56 13 59  9  0 13 27 55
 114   0 56 19 59  9  0 13 27 55
 115   0 56 13 59  9  0 13 27 55
 116   0 56 19 59  9  0 13 27 55
 117   0 56 13 59 26  0 13 27 55
 118   1 56 13 59 26  0 13 27 55
 119   0 56 19 59 26  0 13 27 55
 120   0 56 13 59 26  0 13 27 55
 121   1 56 13 59 26  0 13 27 55
 122   2 56 13 59 26  0 13 27 55
 123   3 56 13 59 26  0 13 27 55
 124   0 56 19 59 26  0 13 27 55
 125   1 56 19 59 26  0 13 27 55
 126   2 56 19 59 26  0 13 27 55
 127   3 56 19 59 26  0 13 27 55
 128   0 56 19 59 26  0 13 29 55
 129   1 56 19 59 26  0 13 29 55
 130   2 56 19 59 26  0 13 29 55
 131   0 56 13 59 26  0 13 29 55
 132   1 56 13 59 26  0 13 29 55
 133   2 56 13 59 26  0 13 29 55
 134   3 56 13 59 26  0 13 29 55
 135   4 56 13 59 26  0 13 29 55
 136   5 56 13 59 26  0 13 29 55
 137   6 56 13 59 26  0 13 29 55
 138   0 56 13 59 26  0 13 25 55
 139   1 56 13 59 26  0 13 25 55
 140   2 56 13 59 26  0 13 25 55
 141   3 56 13 59 26  0 13 25 55
 142   4 56 13 59 26  0 13 25 55
 143   5 56 13 59 26  0 13 25 55
 144   6 56 13 59 26  0 13 25 55
 145   7 56 13 59 26  0 13 25 55
 146   0 56 13 59  9  0 13 25 55
 147   1 56 13 59  9  0 13 25 55
 148   2 56 13 59  9  0 13 25 55
 149   0 56  1 59 26  0 13 25 55
 150   1 56  1 59 26  0 13 25 55
 151   0 56 13 59 26  0 13 25 55
 152   1 56 13 59 26  0 13 25 55
 153   0 56  1 59 26  0 13 25 55
 154   1 56  1 59 26  0 13 25 55
 155   2 56  1 59 26  0 13 25 55
 156   3 56  1 59 26  0 13 25 55
 157   4 56  1 59 26  0 13 25 55
 158   5 56  1 59 26  0 13 25 55
 159   6 56  1 59 26  0 13 25 55
 160   7 56  1 59 26  0 13 25 55
 161   8 56  1 59 26  0 13 25 55
 162   0 56 19 59 26  0 13 25 55
 163   1 56 19 59 26  0 13 25 55
 164   2 56 19 59 26  0 13 25 55
 165   3 56 19 59 26  0 13 25 55
 166   4 56 19 59 26  0 13 25 55
 167   5 56 19 59 26  0 13 25 55
 168   6 56 19 59 26  0 13 25 55
 169   7 56 19 59 26  0 13 25 55
 170   8 56 19 59 26  0 13 25 55
 171   0 56 29 59 26  0 13 25 55
 172   1 56 29 59 26  0 13 25 55
 173   0 56 19 59 26  0 13 25 55
 174   1 56 19 59 26  0 13 25 55
 175   0 56 29 59 26  0 13 25 55
 176   0 56 19 59 26  0 13 25 55
 177   1 56 19 59 26  0 13 25 55
 178   2 56 19 59 26  0 13 25 55
 179   3 56 19 59 26  0 13 25 55
 180   4 56 19 59 26  0 13 25 55
 181   5 56 19 59 26  0 13 25 55
 182   0 56 19 59 54  0 13 25 55
 183   0 56 19 59 26  0 13 25 55
 184   0 56 19 59  3  0 13 25 55
 185   0 56 19 59 54  0 13 25 55
 186   0 56 19 59  9  0 13 25 55
 187   0 56 19 59 26  0 13 25 55
 188   1 56 19 59 26  0 13 25 55
 189   0 56  1 59  9  0 13 25 55
 190   1 56  1 59  9  0 13 25 55
 191   2 56  1 59  9  0 13 25 55
 192   0 56 19 59  9  0 13 25 55
 193   1 56 19 59  9  0 13 25 55
 194   0 56  1 59  9  0 13 25 55
 195   1 56  1 59  9  0 13 25 55
 196   2 56  1 59  9  0 13 25 55
 197   3 56  1 59  9  0 13 25 55
 198   4 56  1 59  9  0 13 25 55
 199   5 56  1 59  9  0 13 25 55
 200   0 56 19 59  9  0 13 25 55
 201   1 56 19 59  9  0 13 25 55
 202   2 56 19 59  9  0 13 25 55
 203   3 56 19 59  9  0 13 25 55
 204   4 56 19 59  9  0 13 25 55
 205   0 56  1 59  9  0 13 25 55
 206   0 56 19 59  9  0 13 25 55
 207   1 56 19 59  9  0 13 25 55
 208   2 56 19 59  9  0 13 25 55
 209   3 56 19 59  9  0 13 25 55
 210   4 56 19 59  9  0 13 25 55
 211   5 56 19 59  9  0 13 25 55
 212   6 56 19 59  9  0 13 25 55
 213   7 56 19 59  9  0 13 25 55
 214   0 56 43 59  9  0 13 25 55
 215   1 56 43 59  9  0 13 25 55
 216   2 56 43 59  9  0 13 25 55
 217   3 56 43 59  9  0 13 25 55
 218   4 56 43 59  9  0 13 25 55
 219   5 56 43 59  9  0 13 25 55
 220   0 56 24 59  9  0 13 25 55
 221   1 56 24 59  9  0 13 25 55
 222   0 56 19 59  9  0 13 25 55
 223   1 56 19 59  9  0 13 25 55
 224   0 56 19 59 54  0 13 25 55
 225   1 56 19 59 54  0 13 25 55
 226   2 56 19 59 54  0 13 25 55
 227   0 56 19 59  9  0 13 25 55
 228   1 56 19 59  9  0 13 25 55
 229   0 56 13 59  9  0 13 25 55
 230   1 56 13 59  9  0 13 25 55
 231   2 56 13 59  9  0 13 25 55
 232   3 56 13 59  9  0 13 25 55
 233   4 56 13 59  9  0 13 25 55
 234   5 56 13 59  9  0 13 25 55
 235   0 56  1 59 54  0 13 25 55
 236   1 56  1 59 54  0 13 25 55
 237   0 56 19 59 54  0 13 25 55
 238   0 56  1 59  9  0 13 25 55
 239   1 56  1 59  9  0 13 25 55
 240   2 56  1 59  9  0 13 25 55
 241   3 56  1 59  9  0 13 25 55
 242   0 56  1 59 54  0 13 25 55
 243   1 56  1 59 54  0 13 25 55
 244   0 56 19 59 54  0 13 25 55
 245   1 56 19 59 54  0 13 25 55
 246   0 56  1 59 54  0 13 25 55
 247   0 56 19 59 54  0 13 25 55
 248   1 56 19 59 54  0 13 25 55
 249   2 56 19 59 54  0 13 25 55
 250   3 56 19 59 54  0 13 25 55
 251   4 56 19 59 54  0 13 25 55
 252   5 56 19 59 54  0 13 25 55
 253   6 56 19 59 54  0 13 25 55
 254   0 56 19 59  2  0 13 25 55
 255   0 56 19 59 54  0 13 25 55
 256   1 56 19 59 54  0 13 25 55
 257   2 56 19 59 54  0 13 25 55
 258   3 56 19 59 54  0 13 25 55
 259   0 56 19 59  2  0 13 25 55
 260   1 56 19 59  2  0 13 25 55
 261   2 56 19 59  2  0 13 25 55
 262   3 56 19 59  2  0 13 25 55
 263   4 56 19 59  2  0 13 25 55
 264   5 56 19 59  2  0 13 25 55
 265   6 56 19 59  2  0 13 25 55
 266   7 56 19 59  2  0 13 25 55
 267   8 56 19 59  2  0 13 25 55
 268   9 56 19 59  2  0 13 25 55
 269  10 56 19 59  2  0 13 25 55
 270  11 56 19 59  2  0 13 25 55
 271  12 56 19 59  2  0 13 25 55
 272  13 56 19 59  2  0 13 25 55
 273  14 56 19 59  2  0 13 25 55
 274   0 56  1 59  2  0 13 25 55
 275   1 56  1 59  2  0 13 25 55
 276   2 56  1 59  2  0 13 25 55
 277   3 56  1 59  2  0 13 25 55
 278   0 56  1 59 38  0 13 25 55
 279   1 56  1 59 38  0 13 25 55
 280   2 56  1 59 38  0 13 25 55
 281   0 56  1 59  2  0 13 25 55
 282   1 56  1 59  2  0 13 25 55
 283   2 56  1 59  2  0 13 25 55
 284   3 56  1 59  2  0 13 25 55
 285   4 56  1 59  2  0 13 25 55
 286   5 56  1 59  2  0 13 25 55
 287   6 56  1 59  2  0 13 25 55
 288   7 56  1 59  2  0 13 25 55
 289   8 56  1 59  2  0 13 25 55
 290   9 56  1 59  2  0 13 25 55
 291  10 56  1 59  2  0 13 25 55
 292  11 56  1 59  2  0 13 25 55
 293   0 56  1 59 38  0 13 25 55
 294   1 56  1 59 38  0 13 25 55
 295   2 56  1 59 38  0 13 25 55
 296   3 56  1 59 38  0 13 25 55
 297   0 56  1 59  2  0 13 25 55
 298   1 56  1 59  2  0 13 25 55
 299   2 56  1 59  2  0 13 25 55
 300   0 56  1 59 38  0 13 25 55
 301   0 56 11 59 38  0 13 25 55
 302   1 56 11 59 38  0 13 25 55
 303   2 56 11 59 38  0 13 25 55
 304   3 56 11 59 38  0 13 25 55
 305   4 56 11 59 38  0 13 25 55
 306   5 56 11 59 38  0 13 25 55
 307   0 56 19 59 38  0 13 25 55
 308   1 56 19 59 38  0 13 25 55
 309   0 56 11 59  2  0 13 25 55
 310   0 56 11 59 38  0 13 25 55
 311   1 56 11 59 38  0 13 25 55
 312   0 56 11 59  2  0 13 25 55
 313   0 56 11 59 54  0 13 25 55
 314   0 56 11 59  2  0 13 25 55
 315   1 56 11 59  2  0 13 25 55
 316   0 56 58 59 54  0 13 25 55
 317   0 56 58 59  2  0 13 25 55
 318   1 56 58 59  2  0 13 25 55
 319   2 56 58 59  2  0 13 25 55
 320   3 56 58 59  2  0 13 25 55
 321   4 56 58 59  2  0 13 25 55
 322   5 56 58 59  2  0 13 25 55
 323   0 56 58 59 54  0 13 25 55
 324   1 56 58 59 54  0 13 25 55
 325   2 56 58 59 54  0 13 25 55
 326   0 56 58 59  2  0 13 25 55
 327   0 56 11 59 38  0 13 25 55
 328   1 56 11 59 38  0 13 25 55
 329   2 56 11 59 38  0 13 25 55
 330   3 56 11 59 38  0 13 25 55
 331   4 56 11 59 38  0 13 25 55
 332   5 56 11 59 38  0 13 25 55
 333   6 56 11 59 38  0 13 25 55
 334   7 56 11 59 38  0 13 25 55
 335   8 56 11 59 38  0 13 25 55
 336   9 56 11 59 38  0 13 25 55
 337  10 56 11 59 38  0 13 25 55
 338  11 56 11 59 38  0 13 25 55
 339  12 56 11 59 38  0 13 25 55
 340  13 56 11 59 38  0 13 25 55
 341  14 56 11 59 38  0 13 25 55
 342  15 56 11 59 38  0 13 25 55
 343  16 56 11 59 38  0 13 25 55
 344  17 56 11 59 38  0 13 25 55
 345  18 56 11 59 38  0 13 25 55
 346  19 56 11 59 38  0 13 25 55
 347  20 56 11 59 38  0 13 25 55
 348  21 56 11 59 38  0 13 25 55
 349  22 56 11 59 38  0 13 25 55
 350  23 56 11 59 38  0 13 25 55
 351  24 56 11 59 38  0 13 25 55
 352  25 56 11 59 38  0 13 25 55
 353  26 56 11 59 38  0 13 25 55
 354  27 56 11 59 38  0 13 25 55
 355  28 56 11 59 38  0 13 25 55
 356  29 56 11 59 38  0 13 25 55
 357  30 56 11 59 38  0 13 25 55
 358  31 56 11 59 38  0 13 25 55
 359  32 56 11 59 38  0 13 25 55
 360  33 56 11 59 38  0 13 25 55
 361  34 56 11 59 38  0 13 25 55
 362  35 56 11 59 38  0 13 25 55
 363  36 56 11 59 38  0 13 25 55
 364  37 56 11 59 38  0 13 25 55
 365  38 56 11 59 38  0 13 25 55
 366  39 56 11 59 38  0 13 25 55
 367  40 56 11 59 38  0 13 25 55
 368  41 56 11 59 38  0 13 25 55
 369  42 56 11 59 38  0 13 25 55
 370  43 56 11 59 38  0 13 25 55
 371  44 56 11 59 38  0 13 25 55
 372  45 56 11 59 38  0 13 25 55
 373  46 56 11 59 38  0 13 25 55
 374  47 56 11 59 38  0 13 25 55
 375  48 56 11 59 38  0 13 25 55
 376  49 56 11 59 38  0 13 25 55
 377  50 56 11 59 38  0 13 25 55
 378  51 56 11 59 38  0 13 25 55
 379  52 56 11 59 38  0 13 25 55
 380  53 56 11 59 38  0 13 25 55
 381  54 56 11 59 38  0 13 25 55
 382  55 56 11 59 38  0 13 25 55
 383  56 56 11 59 38  0 13 25 55
 384  57 56 11 59 38  0 13 25 55
 385  58 56 11 59 38  0 13 25 55
 386  59 56 11 59 38  0 13 25 55
 387  60 56 11 59 38  0 13 25 55
 388  61 56 11 59 38  0 13 25 55
 389  62 56 11 59 38  0 13 25 55
 390  63 56 11 59 38  0 13 25 55
 391  64 56 11 59 38  0 13 25 55
 392  65 56 11 59 38  0 13 25 55
 393  66 56 11 59 38  0 13 25 55
 394  67 56 11 59 38  0 13 25 55
 395  68 56 11 59 38  0 13 25 55
 396  69 56 11 59 38  0 13 25 55
 397  70 56 11 59 38  0 13 25 55
 398  71 56 11 59 38  0 13 25 55
 399  72 56 11 59 38  0 13 25 55
 400  73 56 11 59 38  0 13 25 55
 401  74 56 11 59 38  0 13 25 55
 402  75 56 11 59 38  0 13 25 55
 403  76 56 11 59 38  0 13 25 55
 404  77 56 11 59 38  0 13 25 55
 405  78 56 11 59 38  0 13 25 55
 406  79 56 11 59 38  0 13 25 55
 407  80 56 11 59 38  0 13 25 55
 408  81 56 11 59 38  0 13 25 55
 409  82 56 11 59 38  0 13 25 55
 410  83 56 11 59 38  0 13 25 55
 411  84 56 11 59 38  0 13 25 55
 412  85 56 11 59 38  0 13 25 55
 413  86 56 11 59 38  0 13 25 55
 414  87 56 11 59 38  0 13 25 55
 415  88 56 11 59 38  0 13 25 55
 416  89 56 11 59 38  0 13 25 55
 417  90 56 11 59 38  0 13 25 55
 418  91 56 11 59 38  0 13 25 55
 419  92 56 11 59 38  0 13 25 55
 420  93 56 11 59 38  0 13 25 55
 421  94 56 11 59 38  0 13 25 55
 422  95 56 11 59 38  0 13 25 55
 423  96 56 11 59 38  0 13 25 55
 424  97 56 11 59 38  0 13 25 55
 425  98 56 11 59 38  0 13 25 55
 426  99 56 11 59 38  0 13 25 55
 427 100 56 11 59 38  0 13 25 55
# Key: 0x6a64786a64786a64

