# Table: secmatv1_2006_04_0809
# Stability threshold: 100
# Iteration threshold: 1
#
# Columns: Iteration Stability Subkey0 ... Subkey7
   1   0  0  0  0  0  0  0  0  0
   2   0 39 55 55 55 55 40  1 25
   3   0 31 55 55 17 55 46 28 43
   4   0 26 55 55 25 42 46 28 32
   5   0 26 55 55 25 28 40 28 18
   6   1 26 55 55 25 28 40 28 18
   7   0 42  6 58 17 40 42 16 52
   8   0 45  6 58 17 40 42 26 18
   9   0 45  6 58 17 40 42 16 18
  10   1 45  6 58 17 40 42 16 18
  11   0 45  6 49 43 26 42 16 19
  12   0 60  6 49 17 26 42 16 30
  13   0 60  6 49 63 26 42 16 30
  14   0 45  6 49 17 26 42 16 30
  15   0 45  6 49 43 26 21 16 30
  16   1 45  6 49 43 26 21 16 30
  17   0  0  6 49 43 26 21 16 19
  18   0  0  6 49 43 26 21 16  9
  19   0 60  6 49 43 26 21 16  9
  20   0 60 61 49 46 31 40 16 30
  21   0 60 61 49 46  0 21 16  9
  22   0 60 61 49  2  0 42 16 30
  23   0 60 61 49 43  0 42 16 30
  24   1 60 61 49 43  0 42 16 30
  25   0 60 61 49 43  0 40 16 30
  26   0 60 61 49 43 11 40 18 30
  27   1 60 61 49 43 11 40 18 30
  28   0 60 61 49 43 28 40 18 30
  29   0 60 61 49 43 26 40 18 30
  30   0 60 61 49 43  0 40 18 30
  31   1 60 61 49 43  0 40 18 30
  32   2 60 61 49 43  0 40 18 30
  33   0 60 61 49 43  0 40 18 57
  34   0 56 61 49 43  0 40 18 30
  35   1 56 61 49 43  0 40 18 30
  36   0 56 61 47 43  0 40 18 18
  37   0 56 61 49 43  0 40 18 18
  38   0 56 61 47 43  0 40 63 18
  39   0 56 61 49 43  0 40 63 18
  40   0 56 61 47 43  0 40 12 18
  41   1 56 61 47 43  0 40 12 18
  42   2 56 61 47 43  0 40 12 18
  43   3 56 61 47 43  0 40 12 18
  44   4 56 61 47 43  0 40 12 18
  45   5 56 61 47 43  0 40 12 18
  46   0 56 61 47 43  0 40 25 18
  47   0 56 61 47 43  0 40 12 18
  48   0 56 61 49 43  0 40 25 18
  49   0 56 61 47 43  0 40 25 55
  50   1 56 61 47 43  0 40 25 55
  51   2 56 61 47 43  0 40 25 55
  52   3 56 61 47 43  0 40 25 55
  53   0 56 61 49 43 29 40 25 55
  54   0 56 61 47 43 29 40 25 55
  55   0 56  6 47 43 29 40 25 55
  56   0 56 61 47 43 29 40 25 55
  57   1 56 61 47 43 29 40 25 55
  58   2 56 61 47 43 29 40 25 55
  59   0 56  6 47 17 29 40 25 55
  60   0 56  6 47 17  0 40 25 55
  61   0 56 61 47 17 17 40 25 55
  62   1 56 61 47 17 17 40 25 55
  63   2 56 61 47 17 17 40 25 55
  64   3 56 61 47 17 17 40 25 55
  65   4 56 61 47 17 17 40 25 55
  66   0 56 61 62 17 17 40 25 55
  67   0 56 61 62  2 41 40 25 55
  68   0 56 61 47  2 41 40 25 55
  69   1 56 61 47  2 41 40 25 55
  70   2 56 61 47  2 41 40 25 55
  71   0 56 61 47  2 15 40 25 55
